.' 1811811118 881 8811181188

“ ,1881 8811118118181181.

(81 rutro· 8188 nr 11 ru.)

18 88181188 m 8881188 188. 1188 virgo (11118188 111.

18 81818 furtu rugio 707. 1188 88118881497.

18 8888818 uberum 80 11118188 18888118 101.

u 8111881188 8111881818 880. 11881188 feru 8111118 98.
unt 18818 solennitas 481. 11881 putris 81 filii 181188 181.
1811818188 81181118 quo lunen 88). 1881 putri· 81 11111 1811 187.
18881 8188 81181118 quo pluuntur 88. Angelorum himrrhiue 171.
1118818188Δ 1811888 018. Angelorum militi· 788.

18881 8188 88111188 940. Angelorum 8188 18881 188
18881 8188 81111188 411. · 1111881188 ugonem 788. ⁴
188818188 quo 11188111 188. 1118 thronum virginalem 11.
18881 188818 8188 88818 890. . 1118811118 811888 188.’
18881 181118 8188Ι 8188 488. Δ 18118 888181 889.

188818 8188 recolendo 188. · 1181111 1881181188 880.

18 exemplu 8118118188 718. 1181 virgo 81181144.

18 1888188 8881811118 878. Augustino putor 809.

18 1818188 8181118 1181188. Augustinus 1181111 811.

18 18181881188118118 881. 780. 11118 1181818 100.

18 1888188 81881 rugiu 188 808. 11118 8118111818 188.

18 18181811 superui 811. 118 8888811 1111111 190. ³ ·= ¹ ·
18 hunorum 1118 888. 118 8118 8111811 188. · .
18 181888 8811818111488. . 118 88111 18188 188. ,

18 81818111 811881818 998. 118 811811 81188 881.

18818188 888 1118111489. 118 Dei genitrix 148.

18818888 188118888 818. , 118 gomma 1888188118 480.
1881181818181818 810. · 118 1881 8111818 18.

18 8888118 8118188188 810. 118 1181118 88181 774.

1818888 88118111 188. “ 118 181118 118118 184.

Agnetis 88181118 781. 118 818111 118118 818. Ι ,
ugni puchulir 81178. 118 1811118 gloriosa 88811881.Ι ·
11881181 iubilemus 788. 118 1181111 glorioso 118188 788.
Agru· 18188118188181 781. 118 1111111781. · -
1111118111... ...- 18111811·
11181118 8118 88881181 874. , 118 81181 181118 441.
Almo 818118 8811111118. 118 81181 glorio 188.
1188 881818 118 808. 118 111181 spor 189.
1188 mter 88818118 488. 118 1881118 uper 190.
1188 redemptoris 88181 191 118 plenu 8111118118 181.

 

