-819-

&mm mm 78161ἲ7119181118888818781818311188188)
1181111871, 18 · 8111118188)... um
8818888888 709, 1. 874, 11. trinni- 7886188817 (V) 88148, 18

narn 179, 18. 488, 1. nocam (V) 887888 48, 18.

8811887878 rann 88818. untia (88118818 814, 8.
roim (1881188) 6, 6. 181888888788 m 11) 70, 88.
coorta (11811) 6, 8. 161, 8. 181, 8. 7881811188 (811811111888 :Mamm

14³, 01188, 1. 188, 8. ”Q 18. 1801181071 (Mrem) 8781108811 819, 8·
8881118 (rapto) 178, 18. 11811188 haeretieorum 818, 6.

1888188788 88181188 8811871 471, 8. 711881117181 8818888118 818, 8.

80187· (amp) 140,1. 18701091 (tuatim) ΒΟΗ.

notoria (18118111) 89, 10. 148, 8. 884, 8. 7118878818 890, 7.

18887818 (81188.) 104, 8 1818188188 (8111111171) symbolo 187,·8.
188818871888 ritae 781, 7. theoria (81118111) 89, 10. 169, 8. theom
1888811888 (conpactam) 684, 8. 818 (Turonas) 810, 1.
1818888811811118888881118) 1188. tneor (8171) 140, 11. 111,8. 497,18.
spiritualiter (V) 678, 4. 7881118111) 89, 11.

1871818888 angolorum 8118888188 71188188181811118111) 784, 4.

887,1. theotocos, 1188788888 (suman) 181, 8.
8888888881 (V) 7181888187188 87, 8. 846, 18. 881, 1. 876, 9.
stara 181118 elevato 888, 88. 711811 8. theos.
rto 88 (conopon) 89, 8. 70, 88. 7781117111. balantum) 688, 7.

178 ario 188188 884, 4. 711818188881118111, V) 886, 8.
rtrttisera 81118 778, 8. tiara (rctpa, V) 88, 8.

87811818 811, 8. titione ignit 787, 8.

titana (871118, V) 18113. 8888. 871,1. tonantis gratia 81888 688, .:.

⁶⁷³2 ὗ· 5741 ⁴0 7⁰⁸2 ⁰· 856111· tormentata 888888 auget 786, 8-
871118181118 8181 887, 8. . tormentatur 888, 8.

8811881011) 1181187 262, 0. nomana spirat 8881881 88, 4.
17888818881111)1811 genitura 81, 8. 7881887111 799, 9. i
188881881881 1118818 818, 1. tranofiqararo (v) 18, 8. 869, 7.

8888188878 torma 818788 878, 8. tranofiquratia 87, 18. 88, 1. 41, 8-
888188818· (V) 118 8818188 888, 8. transqreooor (V) 18811 81, 8. 880, 8.
8181888887118 nodio 898, 8. snt, 4. 488, 8.

’8111187170 18111οΝ111 1661 ⁸· transplantatur (V) rota 887, 1.

1181111111 118, 1. 181, 1. 478, t. , 181811118118, niati·
811818887118871,1.888,8. , 7118878118111111) 88188847, 8.

sublimatio Annae 788, 1. 7118888811117888 891, 8

subsecravit illum 749, 10. ‘ 7118818 spinis 81118818 604, 8.

...8118111111 tuo 18811. 1111111. 111, 1. 11. 111, 1. 1411· 10
1888818118818118 189, 6. 119, 171. 147, 8. 8. 119, 8. 170, 8. 1
superatarum, ⁹· . 111, 1. 811, 8111, 1. 7188- 7814
raporlinrinaria 11) 60, 7. 290, 9. 987, 19. 886, 81018707, 1.
1181118818 18, 11. 118, o. 181, 1. tor, 1. 8111ἱ 8881· .
18888888881 119, 7. trinas 18 unitata 147, 8. trono (10⁰
111881188718118 8118, 684, 8311188118878 818, 6. trina 881188 1181 ¹³·

tuo 616, 18. tripliciter 11) 877, 4.
nordostroni 818, 8. triumphat (V) 18811818 18, 6.

8888878111) 81888 86, 8. 711888887118878, 4.
8881187118 mortuorunm, 8. 7111118818 881, 6. 496,·8.
1818887188 (1818111171) lux 48, 4. turmula (888818) 808, 8. 4
8878800880 (cupam, V) 178,18.198,1. tatorr (τούτων) 89, 11.

818, 8. 688, 4. typica (11111171) 1888684. 1181118987. 1
188888818881 vocat 878, 8. maiestati· 101,1. typici 1181811018.
18888οηί8878 468, 16. 671, 11. typicis 8811111118 846, 8. ⁴
’1817117118111111111 1111111711. ¹²⁹’ ⁸· ‘

181, 11.1’11,’1.1111111111’,1’ ’ ...1111111118 111,1’ ⁴

 

