-tu-

mmm& · mmwtlccpmm'ctt,
ceueueotrro 71777717 881, 8. 18. 71787 proice 888, 8. 8717771117- ·
777717711777(Μοιί11717 771181, t ἁ1τ7117611ῠξ717488, 1.
7777717777 117777811711777 8788. deifica 77177880, 4. 788, 1. doctrine
coccoloum 80, 4. 788, 8. 71777717 888, 18.
77777171717800,8.880,8881,8.887,1. 884, 1. 888, 8. 871171 8. ’
7777777 87, 8. 77777 181, 4.
cartul (1) 148, 11. deificat 407, 8.
7777711717 801, 8. 7177111777 771177 48, 8.
7771777171717 088, 8. 788, 8 declae 17, 18. 141,1. 148, 1.18
contemptibilia (1) 878, 8. 188, 1. 188, 7. 881, 8. 848,18
7771777177 (77777177) 188, 8. c 880, 8. 887,18.18. 400,11
7771711717177 (1 784 8. 788, 8. 887, 8. 888, 8. 88811. 818, 8.
mmm (77 77771777, 77. ’ ³¹2⁶· 777, 7.
waffurlvdnncl'off‘l. sslw'qfc'camcc 77.
7777717777 (1) 118, 10. 871777 (171777) 7777 887, 1.
couoocitatur 888, 4. - 8777177771 (1) 777777 culpor 188, 8
cccccccc- ..(1
cordatorum (1)177771177777777488,8. depreteacor derogeotlun 888, 8.’
77781717 88, 7. desideranter 177777 178, 18.
cordula (dec 1777781777) 488, 8. tripertio noxio· 0777777777 88, 8.
844, 1. 801, 8. devestitum locoplc 17717777770771888
coronator 77 7 (81717177) 881, 18. dioec (177) 7717717177 888, 8. 7. dyc
coruccatio ( ) fulgorum 44, 8. 81777777 (17777777) 488, 81.
counire 777 777117171877 880, 11. co· diapentica (177 71777) 488, 81.
univit 888, 6. 7777117777 cerbon 817177777787177771777)488817888-
77771 14, 8. 71177717 (dice) 11, 8. 881, 1.
coiciatur imperator, quie 7711177717· 8177717777 die 800, 1.
177 818, 8. 8177877788, 8.
trucidarit (7.1777107717) 808, 8. differenter 7771717 7, 8.
77771777 818, 8. cruciferorum 807, 8. dc'sficitote 777117 818, 8. ,
7777717177 818, 8. Ι 8177777177 77777177 procer 11,11. 801, t.-
crypta (1) 7771117 71777177 108, 1. 7711117 dignanter 7777177717 887, 18.
roditur (1) 771717 188, 8. dilatator 17717 488, 8.
7777177777 7δ7177771117 844, 8. 817778777771 7777 888 80.
1777177 cccc ccccc 878, 8 diutina 7717117 77711 188, 18.
7781 (71 77) ccc, 8. 117777717787717777) 888, 7.
77ὦ7737ῗξ877ἑ8ἒ8,14.87.οῗὲ17τ777. 8171731747, dirruptor, 7117777177 177771
ἴ7177177777717717171148, 1. de pcc· dcccrc’pattc, dicacctalie lux 487, 7. 7.
7717777 17771777 dedigneris 84818. decretalia
1771177787 (1) supernivem 888, 1. 8 817777117(1) perrenorum 148, 8.
1777771717 (1) 771777771177717 801,8. 8177771177 180, 11.
letcllotria 17777777 70, 4. dicpecccotrio 808, 4.
1711177117 487, 8. 8177777771 equor 748, 8.
171717711 416, 8. debriatio 487, 0. 8771117777, doctiloquoc 884, 8
177771778777 (1) psalterium 488, 8. doctorali priuilegio 788, 18.
17771771 (177117778177 488, 8. 77717177117777117880, 8. 717717 7018
1777777177 780, 8. ἲ doctrinale 17111777 808, 17.
17777117177480, 7. 8771717 (1) 778, 8. 787, 8. 788, 1.
tedmarum (1) decime diost. 780, 4. 880, 8.
17717717 (1) 7777777 808 4. dapem (11,,77 1) 488, 14. 808, 8. 8088
cocao 777 777, 7. c 8777777777. 777, a 777, o. 777, co. 77777777
cccccccccc, 4. coc, 7. arramire 777, 7.
71777 888, 8. domata (1) 188, 8.
&tour (7) 777, 7. 77777717 omnic 777, e.
7177777717 88, 8. 8771717 888, 88. 771, 1.

i
77

 

