.. 14 .-
ο. 111-4111111111 1111111111 8111111411

..a saun-3663. mmmmm 11111111... ¹
1. 1111111111.
Er· 66. 132. 661. 666. 867·

XI. 071011010310361671·

161. 9. 61. 64. 89. 131. 163. 179. 946. 949. 9787 417. 496. ¹1
’ 514. 532. 500. 636. 664. 665. 688. 693. 033. 869.

1111.51717111111ςΔῗ . ’ »-

, Er· ἰ’κῗθῦ 93 141. 184. 969. 966. 936. 231. 936. 155111. 20
“ m

667]

263. ’114 171. 411. 411. 419. 415. 411. 123. 415. , .
514. 606. 606. 511. 551. 636. 633. 637. 626. 031. 06
114. 711. 711. 741. 751. 754 777. 613. 311. 151. 36

XIII. Janrhundm.

15. 70. 154. 155175. 117. 111. 223. 261. 266. 267. 111. 26
5 270. 271. 261. ’114 115. 233. 303. 366. 111. 417. 517. 61
666. 633. 715. 717. 714. 600. 616. 616. ,

XIV. Jahrhundort.

Β 13. {34132137022173318615 2522] 6191711546158101975117417.
175. 171. 277. 111111. 111. 111. 111. 111. 366. · 159. 37
336. 411. 417. 414. 411. 411445. 441. 113. 451. 455. 49
613. 663. 607. 630. 591. 111. 111. 117. 111. 020. 111. 14
062. 660. 030. 706. 706. 711. 744. 755711. 715. 717. 60
606. 117. 111119. 621. 636. 630. 117111145171.

X V. Jahrhwulm.

111. 16. 32· 11.11.17.11.11.4145.41.41.51.57.5
,mnummmmmmmmmw
111. 117. 136. 131. 200. 201. 206. 206. 210. 211. 111.· 11
114117. 119. 141.141.144.145.151.151.111179.111
233, 261. 237. 236. 300. 302. 306. 306.· 311. 111117. .·11
111. 320. 321. 114115. 111. 111. 111. 111. 147. 15115
115. 117. 171. 171. 111. 111. 111. 111. 415. 111. 1161
414. 123. 411. 411. 441. 451411. 411411. 101. 106. 41.
467, 430, 414. 411. 411. 491. 411. 417. 491. 511. 511. 51
, , 519, 523. 621. 626. 517. 511. 517. 636. 541. 541. 547. 66.
554, 666. 551. 511. 511. 514511. 511571. 670. 111. 663
, 514. 660. 607. 636.·636. 600. 001. 002. 603. 626. 033. 631
515. 141. 141. 149. 151. 062. 603. 1711711175. 171. 111
063. 117. 031. 636. 630. 703. 707. 703. 710. 721. 723. 721
715. 711. 711. 714. 711. 741. 741. 741. 741. 751. 751. 757
766. 763. 771. 775. 771. 771. 779. 711. 711. 762. 763. 714

 

