11777177 (17777171777.
1777777777 7771 777. -
177177 lignum 77.

117177 777177 744.

Dulce 777777 74.

177171 77777 471.

1771717 777 777.

1771717 17777 77.

1771717 7777147.

Dum 7777777 777.

7777 77777 77. ⁸

Εωο 7177 77177717 77

737 77 717 777

Eme 177 771177 17. .
Fau sollemni 1777 171. j Ι

Em 77711 177 477.
neu 7771777 77777177 77

m· 177777 777.

Ei· 7711117777 777.

Eis 7777177777 17. ,

Bt 717711717777 77. ω.
...7
1177117 7777 777.

7771177777 . . 71 77117777 777..
7177117777 . . 7117 1777 717.
7177117777 17 1717 747.
7777717717
7777

17771171 71777 717.
ῗωνῗέιῗιοοωῖεῗι’ ’

77117 7777777 777.
Felix meti 470.

. b·

7771771777771717.
7771177777 77777 777.
7177777 7777777 771.
7177777 77177 77.

71777 777771477. =
77777771
7777717777 1777771177 777.
777711 717177 777.
7717777777771777 77.
771771 die· 77177717 477.
771771 71177 17777 774.
771771 (1177 7777717777 747.
771771 7777117 77.

7777777777 177717 777.
Gaudeat 111777717 417.
777
77717 7717777 777.
777117 (11771711 417.

’ commolentium.

1177117 eoelum 777.

777117 1171 771.

Gaude 17117 777177177 7177777777. .
(itudo 17117 Agrippina 777717 477.

1 7777711777 177.

77777 7777 777.

Gnade 77171777177 777.
77777 117717 71777 77.

777117 777177 7777 777. .
77777 777177 77717717 17717 747.
Gaude mter 77717717 mot 777.
77777 777177 17771717 777.
(17777 mter 7771117 717.
77711777 77717717 771.

(177117 717 747.

(17777 7717 747.

77777 m 771.

,77777 777777 777.

(17777 7177 do 771.
Gaude Sion 71777.
(hudo Sion 7777 717.

’ · 777717 7177 quod 777.*

77777 777777 417.

7777

7777717 777 117.

Gaude 17777 774.

7777717777 447.

1177117 71777177 coelium Ι
77 71 77... ·
Gaude 77777 717777 777.

Gaude 71777 thetim 777. ·
2⁸⁰· ¹⁴⁰5
(17777 71777 quae 777.

77777 71777 77171717 771.

 

