‘ ἑ 711111111111 .

laio-{gd 1181111, 111181 114111 1811111111 8111111111 1111111111, 11111 111 tb-
1111111811 111111 11111 8181111111 1111111111. ’

mmmmm-c Suom 111 111111111141110) utut u. 1111 lu 11111
ln 1111111 {ae 111811 11111111.)

Abba 178, 11. 1111111 878, 18. 814, 8. 848, 4. Ἰ881, 8
188141111747,18. 888,18.11111111111111787,8. · “
18111111111111181 888, 8. 1111111411 opus, punem 788, 7.

obilu (1181888, 4. 1111111111, 1111111111 818,,8.

&ladam (V) 81, 7. 784, 8. 1111111111, 1411111111, 1111111111 11111111
ffl' (1314111) mm 44,11. 111111 11861848οὼ11 11, a.

188, 8. ¹ ι alteratur 1111111 11111 77, 8.
11111111111111111181111111111111148, 4. altithronus 1111111111 188, 18.
mgffffffif’figffm 88, 8. gxggtnzzneggp’mffv) 88, 11.
affiiffimpfflo'rzibl 8111111111 488,1. 8318Ἕ81Ἴῖ1ι101ῐ 18ῗ188111 888, 18.
adiutrix 848, 8. 788, 8. 1111111111111811 stigmata 888, 81.
adiuvem 88, 4. 848, 17. 1111111181 (umschlieunen) 88, 8.
adnihilat, 1111181111 188, 8. amplexio 11111111 creaturae 888, 7.
adolescentula 1111 881, 11. 888, 8. 1111111111ᾰοί 1111111111 878, 8. ’
:gom (11 148, 8. 148, 18. Ἴ 1119814111 (V) divini 111111 884, 8.

1111111 ,(8) 88, 8. 184, 18.184,8.888,8. machomum (auxum) 747, 8.
1811111111 878, 4. 1111111111 11111111111111) 118, 18
mwfif²i1f' 111, 1. 111, 1. . 31118181811111. catenum,

887, 1. 841, 18. 881, 8. 888, 88. 1111111111 178, 7. (1111111188, 11.
offam 81111111 487, 7. (11118118818. 11111 141, 4. 11111111
affectanter imploramus 888, 8. 481, 18. officina 187, 7. plebs 188,18.
cyclum 1111111) 188,18. ’ species 788, 8. 1111111888,8.1111
mafg050310134333 41487, 18. 1111111 888 11.·-131811881811118881881188ζ ff.

148, 18. 1111 1111118818, 8. 1111 1111111818, 8. 741, 18. 1111111111, 1.

1111111811 881, 8. 48818. 4111911111· 11111 888, 8. 84888
mm& 81111111181181111111111) 11ξῗ1ἧ1811101111181811811ι11881918ἶ8. 1. 11·

618114 ‘stratu 11411, 1. affigi-'zdfff‘ffihm
38111111 (humma 488, 8. 888, 8. 1111111111 887, 1.

788, 8. 714, 4. 7 8, 8. 848, 8. 4111111111(8) 888 1114111111. 788, 18
11118111181111, 148, 8. 1111111488. metopon (1111111411188, 11.

 

