praeuiiotur 11444 600, 7.
praenundorit 808, 4.
5 praenobilis 4111441464, 0 4144ρί41404οο0, 09.
praeodoraue 410, 0. propteuua (xfe'ptqpe, V) 770, 0.
3 proeoeteudit prophete 14,4, ,propomrtiouote 00, 01,
praeoeteaea 4444144414 007, 7. 4444414444114444444114141071,0.
praepotenter 000, 07. apae 00, 0.
praesentialiter 011010, 4444441414111111411411, V) 840, 18.
praeseptum 882 6 praerrpe 411447 10. proeouare 600, 11,
proteret 400, 0. 400,.0 401, 0 10447. protervit 41 cuerit 701, 4.
4;.00 000,4. 011,14. 014, 0. 1440)41“1(0070071 (44444444444171010.
,0, .640,0040,1,066,4. 710,1,,7101,,,7100710,1.710,0,
0.00, 000, 1.010,1,ροο1ορ1444144111μ1144111111111010. Μ
000, 000, 0000, 0 pleuti 00, 0.
64³2: ,040 040, 0.000,1 ρ4·4441144144444’1444100,0.
000,, ...01, 070,1,
444, 4041. rodco
704774010 700 ,44,Ὶο 410. 010148010100,.1,1800 1,
70010700,ηο 707, 0. 700, 16, 077, 1, 2844. 01000001,
praemiatur 000, 7. 704,0.11,000,1.11.00.00,0,07 0470
ρ44444441441444617,0,600,0,,,6007 070,1.,4004. 00, 0
8848. 8442. 0700 074,,4 704, 404,1.10. 4001, 4842.
10..704,11 000,1.,0088008,1.000,1.000,1.
proetacat 4848. 007, 0. 000, 2. 010, 1,040,1.044,0
praetitulatae 700, 0. 000, 4. 700, 1, 7844. 74007 44
precamen 288 2. 040, 0401, 10. 440, 17,700,1, 7001. 000, 1. 8844
10.,.',.'4⁶8288817 8004800,1.0’07,.,,,1.100800711
1 444414144ωο000, 888, 0,0, peatmieto 01, 14. 100, 0 460, 0. 8841.
precatae 040, 0. 44414444114441111 11411 14111710
1114141411 41114141, v) 444, 44, 4444 ,1114111111 (41414, ,144444 o. e'e44.
4444444444 11100, ρ441144144444 1111144111, V) 100, 0. 060, 0.
ρ444444441714100.004, 1,0110 4000
, primatia (V) 444144144 480, 8. 04411 ρ44ᾰο414 signaculum 21, 4.
4444144070, 7. 4444114414 760, 4.
ρ41441ρο14444 0700, puerpera me, 11. 10,10.101,100,0.
primopeuitue 140, 4. 288, 4. 100, 8. 100, 0 000, 4. 248, 42844.
princip poue( 144444 100, 10441441· 000,0.010,0,016,4.000, 00046.
pario 070 4. 000, 0. 070, 4. 4110007010. 7106. 70010
probatica 1111 piscine 107, 4 700, 0. 1748. 780, 0. 701, 0. 804,
prodicus 407, 8. 12. 804, 8. 000, 10.
proficue ee exauditur 711, 0. puerperium 000, 4. 000, 0, 0041,
444141444ἳο11 1144444444 44444 14144144 pueruli (V 3ἳὶ1ζ44151114144144, 10.
0, atria
profunditotee (V) 4411144444 44, 11. {mura 00,11.
proiaepeaerat 400, 0444441414 sordium 000, 4
ρ4ο1ο44444411171740, 10, ρι4414144144114411144444 1,04 0.
promotor 4144440444οο, 4. ρ44444444 (V) 4444114444 1001.
promptulie 4441114444 101, 044411144144444 17) 000, 4,
44ο4414414441ο4 04141 4000 ρ»444111441444100,0.
4444114444 (proi. V) 808, 8. 4441411040, 10.
propheta (1,),11144411 V) 104,1, 1 0. quatratorio 4444 2848.

100,0.180,1,000,10.010,0,0 0 quadratura 4444140800.
e

7 8700. 4444411444 (14111111, 1144,4.,1491.88, 0.
’1,001. 87,.111140,1.,1801. 188,Ιο M,

0
8.
4.
1.
011,.0

 

