-974 ··

..4494444141 4444444. -
9121994949 79999941449,7.499,4.491,.,74999.
mutu (7), 27,19 290, 9.. 942,4.
4999997949ήοῖ71,2. 7941494491(7.749999199,17 79919299.
7999991419 294, 9. 79411194, 7197411441” 4791 (1911911, 7)90, 9.’
Q· (ξ’ ἐξξιὲ. 197,12. &azor ζ’(ἕξξῖᾔάωω, 4. 999, 2.
9919913299 71999(7)949,’19.
4191119979 14999912, 112, 2. . 71941 1999149919· 919, 9.
991191171119 92, 1. 71491199 (7) 1119191149, 9
9991911719 (7,) 979, 9. 9991. 71 4494 (4199) 94,9.
mmmmm& 111 4444441444944.
4111191111,1111414,220,9919 7171914999,’12.
177, 2299,’ 92997. 29429991. 744471491999941 944114 142,9
494, 4 444, 4. 444, 49 1111111411. (1414144 ⁸⁴⁷2ss-
aer-imbuit& 99,1. 791449(9991144199)29, 12.
mim 19711199 11, 1. lubricitas 991919 220, 9.
1999941949 999, 7. 7991174144 499, 9. Α
11919119, 99 1449 191. 199999 40, 9 luciflua cleme’ntit 99, 24. 1191911999, 4.
9991994719 192, 9. 7449149949 9194149, 19.
matris 919919 (1197419) 909, 2. ludicra 9911 990, 9.
minam· 990, 1974494141999197194 mundi 771, 2.
1419174971 (7) 9194491919 497, 9 7444149919 (7) 94471 (Manus 2991. 44917
*niumm 497, 1. 7491499149 (919119) 299, 9. 7991199919
11197919 119419’ 291, 2 . astrorum iubilant 44, 9.
matuta 192, 7. 7491141949 1111114141]
44444 ..4444444444 44 4444 44 14444144... .
444444 4444..
{m ι”4’4,’4. 441,3”1111744ο 4. ’444 4”’411144,
19479 949 ’40, 2. 19911949 121, 4
'daim 199, 9. 9079. machinantem 941191 914, 19.
11 ‹v› 4111111411 111’1’4 44, 4. 11111141 (v) 11, 44. 444, 4. 444, 4.
hunonis 199, 9. 909, 9. 499, ’77 940, ’.19 977, 9.
.41,.,. 4444144, ’4. 41444. ’,.44144444
Μή. wwssffmmum
‚ ‚ . 9979491499 1712, 7.
m.mmfflm‚2wmaffi9
. “mamm tuorum ( 91 1999)
9197971491 49, 17.
4, . 9191141199 (1114111191 97499 947, 11.
9491191944 (1111111111114 499, 2. 4

9491191949 (pnpwsm), 99’9, 9. 992, 7.

999119149194 71 11.
9914914714 1441941111 127, 7.

111114...1 1111491114· 9174711141
919114119911. ” mediator (7) ’119,2. 140, 9. 1949.
491979 terimus· 19 79911199 9491921192.
14999711 mucro 49, 29. 4917441441· 9, 10. 210, 7. 299, 2. 242, 9.
ι4491499(7)99,.’.,.9497,99997 249,.,429919.27’9,7.294’1,.’92972.
9941944991 9209 299, 9. 910, 7. 999, 11
maria 99199’ 99191191 99, 2. 4491719149(941194714999.91419919)192,9
41ὧ14994117379ἑ119),149,2.911,479- ”affigam 7444119 799 4. 99992292

994 vo ,9 .·

 

