-610-

mmm, 11.
missa( Qwo'oilusss' mihim! 07, 0.

viperio, vim-Quom.

,¹9.“¹““¹²i,‘.2. :⁶⁰4⁸

,11717171 ’6616167767 0.

17111111·1.111) ..ssia 111 intumit

,7111666166 (66””4’6”’17 04 17. 107, 7.
11111117 “⁸⁴¹⁰ Μ’
,7111611771 64’4, 6.
,7111 1111111677, 17.
,1116711111 1717117111 677, 6.
mussites 777, 7. 701,6.747,17.
,1177711611 774, 7.
,1111111111 66, ’4. 767, 6.
mesos 1176671171),077,1.
1.,11111.
61166117 677, 7.
71111171111711 111 770, 77.
6007671Μ1710666Μ6.
467, 7. 667, 176 4676 7.
1111161111(111111111,7) 677,1. 46717.
606,4. ,.76’1(1,.661’1, 7.66’4,7
77ζὲ 7.,606, 7. 646,7. 760,’0.046,17
messim 177, 70. 677, 7. 000 ,0..606,7
746, 77. 1. ’111111171.’
1111177711 1711 746, 7.
6111111111,11.1611,1.177,.7 611,16.
604, 1111111111.
6711010770 (71,71,χ1κ)666,Μ6. 6671.
1711111171(1111,χ11) 60,1. 710,17.
111,17111111’111,1.61’1,1.716,.1
11111661 7071 1111711 670,7
111111771’ 704, 4.’ 606, 16. superus
167, 7. 464, l. triplex ’,170 1.776,.7
707’ 1. 064, 17. hierarchiae 7111
777Ξ3.711111’1777,6. 0770, 711111
7771116117 176, 7.
60700074771777(’71711111111,Ἷ) 660, ⁷
60607161(ό, ω171Η1)140, 6.
7111117111 (111111 61711.
honorificentia( 666, 16.
71111111(711,111)747,4’.
7111111111 (6) 147, 7.
7111111711 6711767111 777, 6. 1111111171
61111171117,17.
711111111111,11111111110,1.
7111777111 (17) 746, 70.
imm? ,66166166 616666ἰ 111, 1.
677,7.,.,.,,707100460770.074
11.’71,1111’161160,7’.

7111171171 1111111116) ⁶9¹·

999999 111,
99999 ....
identitas 7’47, 7.

76171711(7617’17171·1) 174, 17. 70717.
777, 4. 600, 9. 076, 1. 774 10.
71711711.,7771717
717161 (7)1’11,1.11171’,61711171

wa 1111111611 1076 71.

ο117,111·,171 (611 11711111 1111111111
1111111111) 670,4.

17776171 1111711· 167, 6. ⁴

7711711711((1)111611111170,161776.

1776666161 11167111 777, 7. ,11177111

1176666617 prophetiam 770, 77.

716116117161111111477Λ.

7117717171 christi 919, 1.

immarcessibilis (immutandis. 1) 711
671, 6. 677, 6.

issssssssisases ’7111111111 44,16.

7111667711 7776.

tuggoratlsib'ss 1111161 7417 mium

isssp 1711711 gloriae 660, 7.

isiggegaltgioe horum, quie rogim

inpinbsssisss (7) spiritus 066, 0

71111191117770, 0. 7111,111,117111·707, 6.
711,111,111117’77,0.

:399999991599

711171171171 919, 7.

1111111111111171,’111111 066, 7. 446,1.
7111111711770,7.711111171111 111·
11111777. 16’7..0 701, 6. 7146
740, 11. 767, 0. 760,1. 6’76,.7704,6.
477’ 7. 760, ’0

7111117111 Emis 177, 71. ·

6166ἓξ16ξὶ16η7766. 467, 0. 0147.

7111716111 (17) 700, 6. 764, 10. 770, 7.

711111177771(7) 611771 Christi 17617

incorporata 111117 miri 674, 1.

incompta 1111711 (111111) 6076. 677 7

71117ἆ71717711117111177117111111 1111171671

7111116711147,7.

7111117711 necem 700, 7.

1·1111111·1·1,111111477,0.

7111111711111117111 107, 0

7116111111 17 tuti 70, 77’.

indiscretus (1111111)’, 1111111171· iss·
6711117111 0771671161 1111117· sss·
67111171 767, 7.

7116117711 propilia· 477, 7.

 

