m. Jammam. ’

16.1.1.1.16.11.11.11. 11.11.11.16.11.11.11.11.11
61. 63. 63. 66. 68. 7373. 77. 98. 100. 103. 106. 107. 131
133. 136. 146. 147. 148. 166. 168. 160. 163. 164. 166. 171
173. 174. 178. 170. 180. 181. 183. 189. 106. 301. 307. 301
313. 314; 330. 221. 336. 336. 337. 338. 339. 333. 338. 341
4343. 367. 368. 383. 386. 386. 388. 389. 393. 396. 397. 398. 301
. 304. 306. 307. 300. 311. 336. 337. 338. 331. 333. 337. 341
348. 349. 363. 364. 366. 373. 377. 379. 383. 387. 389. 391
400. 406. 409. 413. 413. 431. 437. 438. 439. 440. 441. 441
447. 460. 461. 464. 467. 468. 463. 468. 469. 470. 471. 471
477. 478. 479. 481. 483. 483. 486. 401. 496. 499. 600. 601
1666666666666
· 608. 604. 606. 606. 607. 609. 614. 631. 637. 638. 641. 641
. 644. 660. 661. 673. 673. 674. 679. 680. 680. 697. 703. 701
717. -718, 719. 730. 733. 730. 731. 733. 739. 743. 746. 761
768. 763. 763. 766. 771. 773. 773. 774. 786. 786. 791. 791
793. 704. 798. 801. 803. 806. 800. 810. 830. 833. 838. 831
844. 840. 866. 867. 869. 877. 878. 880.

mmmm, 16611 1111961611 1111611.

Nr. 117. 134161. 161. 188. 196. 303. 369. 303. 316. 333. 361
363. 393. 489. 404. 616. 630. 631. 666. 667. 690. 608. 613
616. 616. 633. 636. 637. 630. 603. 694. 700. 700. 737. Ι747
767. 761. 700. 839. 831. 876. 876. 881.

⁸1. 01611611 und 1111111ιί1161.

. 11111161 1161111.1111111)611(9611.111 11116119 am 13. sept. 1871)

’1161111111 11111ηοί66611 sive hmqorum 6166661116 ¹sqquentiarup

61161 annm 'MD 1111616116 66116666 1661111161. 8111111111 collem!

1331ιιι 1131111111136611111131911. 333 11 ““

..66616611616161611 “ ⁰ ' ’θ
Daniel 161 benum:

dm 6)ΜΙ7 1166616161 Handsohristen ' 6111 11619. 11116. «lazarium
b() gmvfflffimmflm 6116 dem 10. bis 16. 3661166666
(vind. 1-8, 7611661611 damus 1166611 S. 383 s.),· · ·

1) 3311111111 Handqchnflen 6111 dem 11. 1661616116. l. 2.
7611611611 damus 61111111 tm 3. 116116 8. 388 s.)‚·

 

