888810 oni 877.
serm 8118 078.
808180 81 008108 478.
&Vi-min.
00000080· ,
8117871718701880 414.
8010101...
uiue 011707
titutum.
sollemnitatem 100108 888.
80080100 10810 17.

80801100 8811 880008 000018 708.
808011811 88811 880008 0181 000. ·

80880800 forne 47.

800 08000818 01770.
Splendor 0100188 708.
Splendor 081018 71.
Sponte 01001011 81 887.
800088 0801811 0088088 780.
818881 08180 778.

81800 810008 188.
818118008οἰ8 871. 877.
810118 80180 874.

811008 188018 107.

81018 iocunditatis 878.
8008 180808 807.
8000818080 888.

Sumne 8008 88 708.
Summi 081018 770.

Summi 08018 1771·
summit 00080808 844.
Summis 8000 8180 418.
80001 triumphum 114.
Summo 180888 004.
Summo 0001 404.
Summum praeconem 880.
Super 80000 Babylonio-iit.
80000088 081018 888.
8008001 08018 out.

Surgit (18010100 777. 778.
800011 08810 177.

800000 00080 8101 08 808.
Sursum 00088100 118 804.
80080008 0088080081 48

78 118818 mente 708.
Tempore 008 0081188 880.
Tibi 8101818 878.

7181 000818 777.

’10101188 10 0011810 777.

¹ 70101188 unite· 141.

..007-

7010118180 0888081 407.
7010008818 iux 780.
timim n.
7088 808108 848.

· Tu 888108 88 078.

Tu 018100 Dent 807.
7008800 8811100880 444.

08810101 8808111011 704.

11008 80000 717.
11088 80000818 817.

- Urit· 1008018118 887.

1118008 virgineo· 800.

788 8180100 847.

7000080888 0080818118 808. .
7800080880 veneremur 818.
Veneremur 000018 110000 88.
Veneremur 880 818 uuo.

Veneremur 81001000 0801101080 881.
Veneremur 81001000 000 788.

7001 08180 0001188 787.
7001 0000081888000108 708.

’ 7801 potentissimi 888.

7001880018 80101108 178
7801 00101108 aeternorum 181.
7001 uirgo 01001000 781. ,
Verbum bonnm 788.

Verbum Dei 408.

Verbum 8801801188 784.
78008010 00081787.

7801 80118 480.

71811088 0080108110 88.

Victori 818010 878.

Vincenti 80080 780.

7100108118 10008 488.

71001008 088188 478.

71001008 00000188 478.

71001011100188 100880 0000. curin 788.
7100101 iturine 100880 0008. 180 787.
7100101 8180188 180888 101· ,888 784.
Virgini Mutine 180888 10108100 718.
7100101810 0080110 887.

7100101810 18088 888.

’ ’ 71001018 metris 788.

71001018 0000080888 477.
Virgo Dei 848.

71000 08011 107.

71000 81001000 100.
7110 0180881 747.

7008 801018 810.
70081081100188 148.

708 0 11108801 188.
70088088001140. ’
700 000008 817.

78808801 8110 410.
7008 08100 01.

 

